SM:2024-12-11T10:54:17.2410978Z
LM:2024-12-11T12:42:27.0740320Z
CT:image/jpeg
MA:2592000
CL:900946
