SM:2024-12-11T21:32:43.1048988Z
LM:2024-12-12T13:21:03.0627499Z
CT:image/webp
MA:2592000
CL:137230
