SM:2024-12-11T16:17:50.0000000Z
LM:2024-12-11T17:32:58.8610582Z
CT:image/jpeg
MA:2592000
CL:56859
