SM:2024-12-11T21:32:43.1048988Z
LM:2024-12-11T21:32:43.5432535Z
CT:image/webp
MA:2592000
CL:9060
