SM:2024-12-11T21:32:43.1078995Z
LM:2024-12-11T21:32:43.5421315Z
CT:image/jpeg
MA:2592000
CL:12608
