SM:2024-12-11T21:32:43.1069003Z
LM:2024-12-11T21:32:43.5352723Z
CT:image/webp
MA:2592000
CL:4974
