SM:2024-12-11T16:17:50.0000000Z
LM:2024-12-11T17:29:14.8311732Z
CT:image/jpeg
MA:2592000
CL:412650
