SM:2024-12-11T21:32:43.1028986Z
LM:2024-12-11T21:32:43.3125302Z
CT:image/jpeg
MA:2592000
CL:14395
